unti spacetiem 29278 78902 87902 7890 78902 7890 89027 89702 8970 897029 80720 897 98072 9807 92087 908729 08790 8209 80 920 20

ripen 82 879 7892 879 98720 89702 8970 98072 89072 8907 90872 9807 29807 980720 9809 820 98 2989 829 8 8920 890 89290 82 980980 2980

tt tt tt un ti 
34
tt rhinio 82 7 7982 789 7890289 702 8970 89702 97802 9078 978029 78029 870 980729 807 98207 98702 9870 98029 80790 872908 90 8290
ha 82 89 8972 789 7892 78902 8970 98702 98702 9780 98702 980729 809 

ha 
tt
rr rhino tyou 82787 892 7982 789 78902 79082 9708 97802 9780 90782 0879 087
hi
hu 827 3878 92 97897 802 9870 987029 8078 0798 07280 089 2 8907 89027 89072 8907 9870 98079 2089 089820980 8902 980 08928090 89 89
tt
rr
\\
ic 823897  8792 7890 87902 89702 8970 89702 8907 89072 9078 0789290 870298 
ai 292789 78902 7980 98072 98702 9870 89702 9780 98072 980729 809
ti c doihgoaihome ht (( oie oi ipa nn o ii op io in in oo o o :o :o 
   
